6.000000000000000000e+01 1.090000000000000000e+02
6.200000000000000000e+01 1.260000000000000000e+02
6.500000000000000000e+01 1.440000000000000000e+02
6.800000000000000000e+01 1.600000000000000000e+02
7.400000000000000000e+01 1.740000000000000000e+02
8.200000000000000000e+01 1.880000000000000000e+02
9.500000000000000000e+01 1.970000000000000000e+02
1.100000000000000000e+02 2.040000000000000000e+02
1.280000000000000000e+02 2.060000000000000000e+02
1.450000000000000000e+02 2.050000000000000000e+02
1.600000000000000000e+02 1.990000000000000000e+02
1.710000000000000000e+02 1.890000000000000000e+02
1.780000000000000000e+02 1.750000000000000000e+02
1.810000000000000000e+02 1.590000000000000000e+02
1.840000000000000000e+02 1.440000000000000000e+02
1.870000000000000000e+02 1.270000000000000000e+02
1.900000000000000000e+02 1.100000000000000000e+02
7.200000000000000000e+01 9.700000000000000000e+01
7.900000000000000000e+01 8.600000000000000000e+01
9.100000000000000000e+01 8.200000000000000000e+01
1.040000000000000000e+02 8.300000000000000000e+01
1.160000000000000000e+02 8.700000000000000000e+01
1.340000000000000000e+02 8.600000000000000000e+01
1.470000000000000000e+02 8.200000000000000000e+01
1.600000000000000000e+02 8.200000000000000000e+01
1.710000000000000000e+02 8.700000000000000000e+01
1.780000000000000000e+02 9.600000000000000000e+01
1.250000000000000000e+02 1.000000000000000000e+02
1.250000000000000000e+02 1.100000000000000000e+02
1.260000000000000000e+02 1.190000000000000000e+02
1.270000000000000000e+02 1.290000000000000000e+02
1.140000000000000000e+02 1.420000000000000000e+02
1.200000000000000000e+02 1.430000000000000000e+02
1.260000000000000000e+02 1.430000000000000000e+02
1.320000000000000000e+02 1.430000000000000000e+02
1.390000000000000000e+02 1.430000000000000000e+02
8.600000000000000000e+01 1.060000000000000000e+02
9.300000000000000000e+01 1.010000000000000000e+02
1.010000000000000000e+02 1.010000000000000000e+02
1.080000000000000000e+02 1.070000000000000000e+02
1.010000000000000000e+02 1.090000000000000000e+02
9.300000000000000000e+01 1.090000000000000000e+02
1.430000000000000000e+02 1.070000000000000000e+02
1.500000000000000000e+02 1.020000000000000000e+02
1.570000000000000000e+02 1.030000000000000000e+02
1.640000000000000000e+02 1.070000000000000000e+02
1.580000000000000000e+02 1.100000000000000000e+02
1.500000000000000000e+02 1.100000000000000000e+02
1.000000000000000000e+02 1.670000000000000000e+02
1.110000000000000000e+02 1.630000000000000000e+02
1.210000000000000000e+02 1.610000000000000000e+02
1.270000000000000000e+02 1.630000000000000000e+02
1.340000000000000000e+02 1.610000000000000000e+02
1.430000000000000000e+02 1.640000000000000000e+02
1.530000000000000000e+02 1.670000000000000000e+02
1.430000000000000000e+02 1.690000000000000000e+02
1.340000000000000000e+02 1.700000000000000000e+02
1.270000000000000000e+02 1.710000000000000000e+02
1.200000000000000000e+02 1.700000000000000000e+02
1.110000000000000000e+02 1.690000000000000000e+02
1.040000000000000000e+02 1.670000000000000000e+02
1.200000000000000000e+02 1.650000000000000000e+02
1.270000000000000000e+02 1.660000000000000000e+02
1.340000000000000000e+02 1.650000000000000000e+02
1.490000000000000000e+02 1.660000000000000000e+02
1.340000000000000000e+02 1.650000000000000000e+02
1.270000000000000000e+02 1.650000000000000000e+02
1.200000000000000000e+02 1.650000000000000000e+02
